{
 "cells": [
  {
   "cell_type": "code",
   "execution_count": 1,
   "id": "dd31b5da",
   "metadata": {},
   "outputs": [],
   "source": [
    "import math\n",
    "import numpy as np\n",
    "from sklearn.preprocessing import normalize"
   ]
  },
  {
   "cell_type": "code",
   "execution_count": 2,
   "id": "2839e494",
   "metadata": {},
   "outputs": [],
   "source": [
    "##init\n",
    "\n",
    "# N = 2 #number of state\n",
    "# M = 27\n",
    "##create obv\n",
    "obv = []\n",
    "with open(\"/Users/chun/IdeaProjects/CS-271/output.txt\", 'r') as file:\n",
    "    for line in file:\n",
    "        for char in line:\n",
    "            if char == \" \":\n",
    "                obv.append(26)\n",
    "            else:\n",
    "                obv.append(ord(char.lower()) - ord('a'))\n",
    "for i in obv:\n",
    "    if i >= 27 or i < 0:\n",
    "        print(i)\n",
    "\n",
    "##initlizing a,b,pi\n",
    "T = len(obv)\n",
    "M = 27\n",
    "N = 4\n",
    "a = np.random.uniform(1/N - 1/(10*N),1/N + 1/(10*N),(N,N))\n",
    "a = normalize(a, axis=1, norm='l1')\n",
    "b = np.random.uniform(1/M - 1/(10*M),1/M + 1/(10*M),(N,M))\n",
    "b = normalize(b, axis=1, norm='l1')\n",
    "pi = np.random.uniform(1/N - 1/(10*N),1/N + 1/(10*N),(1,N))\n",
    "pi = normalize(pi , axis=1, norm='l1')[0]\n",
    "\n",
    "# a = np.matrix([[.7,.3],[.4,.6]])\n",
    "# b = np.matrix([[.1,.4,.5], [.7,.2,.1]])\n",
    "# pi = [.6,.4]\n",
    "# obv = [0,1,0,2]\n",
    "\n",
    "maxlters = 100\n",
    "# a = np.zeros((N,N))\n",
    "# b = np.zeros((N,M))\n",
    "iters = 0\n",
    "oldLogProb = -math.inf"
   ]
  },
  {
   "cell_type": "code",
   "execution_count": 3,
   "id": "aab03e7c",
   "metadata": {},
   "outputs": [],
   "source": [
    "##Caculating alpha_0:\n",
    "# alpha = np.zeros((T,N))\n",
    "# c = np.zeros(T)\n",
    "# ## i is which state, so needs to go in front\n",
    "# ## 0 is the number of obversation\n",
    "# for i in range(0, N):\n",
    "#     tmp = pi[i] * b[i,obv[0]]\n",
    "#     alpha[0,i] = tmp\n",
    "#     c[0] += alpha[0][i]\n",
    "# c[0] = 1/c[0]\n",
    "# for i in range(0,N):\n",
    "#     alpha[0,i] *= c[0]\n",
    "# print(alpha)"
   ]
  },
  {
   "cell_type": "code",
   "execution_count": 4,
   "id": "1cc698c0",
   "metadata": {},
   "outputs": [],
   "source": [
    "c = np.zeros(T)\n",
    "alpha = np.zeros((T,N))\n",
    "def alpha_t(a,b,obv,c,T,N):\n",
    "#     print(\"alpha_t\")\n",
    "    ##Compute alpha_t(i)\n",
    "##t from 1 to 2 to go over the last 2 obv\n",
    "    ## i is which state, so needs to go in front\n",
    "    ## 0 is the number of obversation\n",
    "    for i in range(0, N):\n",
    "        tmp = pi[i] * b[i,obv[0]]\n",
    "        alpha[0,i] = tmp\n",
    "        c[0] += alpha[0][i]\n",
    "    c[0] = 1/c[0]\n",
    "    for i in range(0,N):\n",
    "        alpha[0,i] *= c[0]\n",
    "    #print(alpha)\n",
    "    for t in range(1, T):\n",
    "        c[t] = 0\n",
    "        for i in range(0, N):\n",
    "            alpha[t,i] = 0\n",
    "            ## i is state and t is obv, j is previous state\n",
    "            for j in range(0,N):\n",
    "                alpha[t,i] += alpha[t-1,j]*a[j,i]\n",
    "            alpha[t,i] *= b[i,obv[t]]\n",
    "            c[t] += alpha [t,i]\n",
    "        c[t] = 1/ c[t]\n",
    "        for i in range(0,N):\n",
    "            alpha[t,i] *= c[t]\n",
    "    return alpha\n",
    "alpha = alpha_t(a=a,b=b,c=c,obv=obv,T=T,N=N)"
   ]
  },
  {
   "cell_type": "code",
   "execution_count": 5,
   "id": "492d4455",
   "metadata": {},
   "outputs": [],
   "source": [
    "# ##backward init\n",
    "# beta = np.zeros((T,N))\n",
    "# for row in beta:\n",
    "#     row[-1] = 1\n",
    "# for i in range(0, N):\n",
    "#     beta[T-1,i] = c[T-1]"
   ]
  },
  {
   "cell_type": "code",
   "execution_count": 6,
   "id": "be2ebbda",
   "metadata": {},
   "outputs": [
    {
     "data": {
      "text/plain": [
       "array([[26.47516795, 26.43447614, 26.44907551, 26.39673956],\n",
       "       [27.98350266, 27.94376011, 27.96745742, 27.90158651],\n",
       "       [26.2481893 , 26.32206582, 26.28371724, 26.34144942],\n",
       "       ...,\n",
       "       [27.44270861, 27.53158107, 27.48679876, 27.5254417 ],\n",
       "       [27.5564882 , 27.46736845, 27.51393041, 27.45964147],\n",
       "       [27.59857026, 27.59857026, 27.59857026, 27.59857026]])"
      ]
     },
     "execution_count": 6,
     "metadata": {},
     "output_type": "execute_result"
    }
   ],
   "source": [
    "##beta-pass\n",
    "def backward(a,b,c,T,N):\n",
    "    beta = np.zeros((T,N))\n",
    "    for row in beta:\n",
    "        row[-1] = 1\n",
    "    for i in range(0, N):\n",
    "        beta[T-1,i] = c[T-1]\n",
    "#     print(\"backward\")\n",
    "    for t in range(T-2,-1,-1):\n",
    "        for i in range(0, N):\n",
    "            beta[t,i] = 0\n",
    "            for j in range(0, N):\n",
    "                beta[t,i] += a[i,j] * b[j,obv[t+1]] * beta[t+1,j]\n",
    "            beta[t,i] *= c[t]\n",
    "    return beta\n",
    "beta = backward(a=a,b=b,c=c,T=T,N=N)\n",
    "beta"
   ]
  },
  {
   "cell_type": "code",
   "execution_count": 7,
   "id": "49b7d52d",
   "metadata": {},
   "outputs": [],
   "source": [
    "# "
   ]
  },
  {
   "cell_type": "code",
   "execution_count": 8,
   "id": "8caac8ec",
   "metadata": {},
   "outputs": [
    {
     "name": "stdout",
     "output_type": "stream",
     "text": [
      "[[0.24665215 0.25176808 0.2505316  0.25104817]\n",
      " [0.25491113 0.24840708 0.23754672 0.25913507]\n",
      " [0.24158334 0.24745456 0.23908233 0.27187976]\n",
      " ...\n",
      " [0.23741953 0.26795853 0.24638778 0.24823416]\n",
      " [0.23861968 0.2675696  0.24569716 0.24811356]\n",
      " [0.25044418 0.23869262 0.24312382 0.26773938]] [[[0.06674307 0.05664785 0.05597341 0.06728781]\n",
      "  [0.06300874 0.06701582 0.05730483 0.06443868]\n",
      "  [0.06416766 0.06174823 0.05785626 0.06675945]\n",
      "  [0.06099165 0.06299517 0.06641222 0.06064913]]\n",
      "\n",
      " [[0.06537197 0.0583679  0.05816816 0.0730031 ]\n",
      "  [0.05891079 0.06591384 0.05684645 0.066736  ]\n",
      "  [0.05763749 0.05834702 0.0551388  0.0664234 ]\n",
      "  [0.05966309 0.0648258  0.06892892 0.06571726]]\n",
      "\n",
      " [[0.06257996 0.05920043 0.05783385 0.0619691 ]\n",
      "  [0.05902745 0.069975   0.05915828 0.05929383]\n",
      "  [0.05848339 0.06272681 0.05810826 0.05976387]\n",
      "  [0.06282153 0.07231988 0.0753802  0.06135815]]\n",
      "\n",
      " ...\n",
      "\n",
      " [[0.06038363 0.05882994 0.05594832 0.06225764]\n",
      "  [0.06273026 0.07658709 0.06303179 0.0656094 ]\n",
      "  [0.05916011 0.06534904 0.05893255 0.06294608]\n",
      "  [0.05634568 0.06680353 0.0677845  0.05730044]]\n",
      "\n",
      " [[0.06343493 0.05252813 0.05540961 0.06724701]\n",
      "  [0.06589867 0.06838163 0.06242349 0.07086581]\n",
      "  [0.06185827 0.05807542 0.05809154 0.06767193]\n",
      "  [0.05925231 0.05970744 0.06719918 0.06195463]]\n",
      "\n",
      " [[0.         0.         0.         0.        ]\n",
      "  [0.         0.         0.         0.        ]\n",
      "  [0.         0.         0.         0.        ]\n",
      "  [0.         0.         0.         0.        ]]]\n"
     ]
    }
   ],
   "source": [
    "##Gammas\n",
    "#a,b,alpha,beta,T,N\n",
    "#a=a,b=b,alpha=alpha,beta=beta,T=T,N=N\n",
    "def cal_gammas(a,b,alpha,beta,T,N):\n",
    "    gammas = np.zeros((T,N))\n",
    "    de_gammas = np.zeros((T,N,N))\n",
    "    #print(T)\n",
    "    for t in range(0, T-1):\n",
    "        denom = 0\n",
    "        for i in range(0, N):\n",
    "            for j in range(0, N):\n",
    "                denom += alpha[t,i] * a[i,j] * b[j,obv[t+1]] * beta[t+1,j]\n",
    "        for i in range(0, N):\n",
    "            gammas[t,i] = 0\n",
    "            for j in range(0, N):\n",
    "                de_gammas[t,i,j] = alpha[t,i] * a[i,j] * b[j,obv[t+1]]*beta[t+1,j] / denom\n",
    "                gammas[t,i] += de_gammas[t,i,j]\n",
    "    denom = 0\n",
    "    for i in range(0, N):\n",
    "        denom += alpha[T-1,i]\n",
    "    for i in range(0, N):\n",
    "        gammas[T-1,i] = alpha[T-1,i]/denom\n",
    "    return gammas,de_gammas\n",
    "gammas,de_gammas = cal_gammas(a=a,b=b,alpha=alpha,beta=beta,T=T,N=N)\n",
    "# print(gammas)\n",
    "print(gammas,de_gammas)"
   ]
  },
  {
   "cell_type": "code",
   "execution_count": 9,
   "id": "ac436874",
   "metadata": {},
   "outputs": [
    {
     "name": "stdout",
     "output_type": "stream",
     "text": [
      "[[0.26181437 0.23377478 0.23488684 0.26952401]\n",
      " [0.24177108 0.27052524 0.23522545 0.25247823]\n",
      " [0.2475698  0.25062991 0.23879289 0.26300739]\n",
      " [0.23436734 0.25466009 0.27300104 0.23797153]]\n",
      "b\n",
      "[[0.03639584 0.04009726 0.04042316 0.03693826 0.03736394 0.04019297\n",
      "  0.03468679 0.03698494 0.03465898 0.03907549 0.03352578 0.03628954\n",
      "  0.03770068 0.0336451  0.03686916 0.03518141 0.03468611 0.03826781\n",
      "  0.037347   0.03658746 0.03769668 0.03711799 0.03812033 0.03817982\n",
      "  0.03949468 0.0357838  0.03668904]\n",
      " [0.03734643 0.03660381 0.03602477 0.0373549  0.03725721 0.03749852\n",
      "  0.03923677 0.03520588 0.03511064 0.03818979 0.03732443 0.03960686\n",
      "  0.03846662 0.03576628 0.03419185 0.03851191 0.03465101 0.03503223\n",
      "  0.03824283 0.04018144 0.03915799 0.0337266  0.03520123 0.03582465\n",
      "  0.03882123 0.03650696 0.03895714]\n",
      " [0.03516428 0.0382783  0.03491882 0.03898629 0.03700784 0.0345154\n",
      "  0.03479413 0.0345927  0.03709434 0.03944387 0.04025468 0.03952856\n",
      "  0.0391815  0.03836396 0.03589671 0.03639042 0.03485964 0.03357476\n",
      "  0.03655754 0.03683234 0.03877916 0.03463685 0.03653482 0.03867522\n",
      "  0.0367751  0.04050863 0.03785413]\n",
      " [0.03991237 0.03381001 0.03633442 0.03915238 0.04038853 0.03928142\n",
      "  0.03623911 0.03632656 0.0363181  0.04068291 0.03991089 0.03726616\n",
      "  0.03575274 0.04076591 0.03796678 0.03535995 0.04047974 0.03462944\n",
      "  0.03431721 0.03786579 0.03539482 0.0337827  0.03514732 0.03584647\n",
      "  0.03645428 0.03509352 0.03552045]]\n",
      "pi\n",
      "[0.25463258 0.23703062 0.2571714  0.25116539]\n",
      "alpha\n",
      "[[0.24631209 0.25180799 0.25043301 0.25144692]\n",
      " [0.25459279 0.24844972 0.23738618 0.25957131]\n",
      " [0.24206269 0.24724966 0.23923291 0.27145474]\n",
      " ...\n",
      " [0.23789682 0.26763051 0.24648709 0.24798558]\n",
      " [0.2381141  0.26786899 0.24555582 0.24846108]\n",
      " [0.25044418 0.23869262 0.24312382 0.26773938]]\n",
      "beta\n",
      "[[26.47516795 26.43447614 26.44907551 26.39673956]\n",
      " [27.98350266 27.94376011 27.96745742 27.90158651]\n",
      " [26.2481893  26.32206582 26.28371724 26.34144942]\n",
      " ...\n",
      " [27.44270861 27.53158107 27.48679876 27.5254417 ]\n",
      " [27.5564882  27.46736845 27.51393041 27.45964147]\n",
      " [27.59857026 27.59857026 27.59857026 27.59857026]]\n",
      "gammas\n",
      "[[0.24665215 0.25176808 0.2505316  0.25104817]\n",
      " [0.25491113 0.24840708 0.23754672 0.25913507]\n",
      " [0.24158334 0.24745456 0.23908233 0.27187976]\n",
      " ...\n",
      " [0.23741953 0.26795853 0.24638778 0.24823416]\n",
      " [0.23861968 0.2675696  0.24569716 0.24811356]\n",
      " [0.25044418 0.23869262 0.24312382 0.26773938]]\n",
      "de_gammas\n",
      "[[[0.06674307 0.05664785 0.05597341 0.06728781]\n",
      "  [0.06300874 0.06701582 0.05730483 0.06443868]\n",
      "  [0.06416766 0.06174823 0.05785626 0.06675945]\n",
      "  [0.06099165 0.06299517 0.06641222 0.06064913]]\n",
      "\n",
      " [[0.06537197 0.0583679  0.05816816 0.0730031 ]\n",
      "  [0.05891079 0.06591384 0.05684645 0.066736  ]\n",
      "  [0.05763749 0.05834702 0.0551388  0.0664234 ]\n",
      "  [0.05966309 0.0648258  0.06892892 0.06571726]]\n",
      "\n",
      " [[0.06257996 0.05920043 0.05783385 0.0619691 ]\n",
      "  [0.05902745 0.069975   0.05915828 0.05929383]\n",
      "  [0.05848339 0.06272681 0.05810826 0.05976387]\n",
      "  [0.06282153 0.07231988 0.0753802  0.06135815]]\n",
      "\n",
      " ...\n",
      "\n",
      " [[0.06038363 0.05882994 0.05594832 0.06225764]\n",
      "  [0.06273026 0.07658709 0.06303179 0.0656094 ]\n",
      "  [0.05916011 0.06534904 0.05893255 0.06294608]\n",
      "  [0.05634568 0.06680353 0.0677845  0.05730044]]\n",
      "\n",
      " [[0.06343493 0.05252813 0.05540961 0.06724701]\n",
      "  [0.06589867 0.06838163 0.06242349 0.07086581]\n",
      "  [0.06185827 0.05807542 0.05809154 0.06767193]\n",
      "  [0.05925231 0.05970744 0.06719918 0.06195463]]\n",
      "\n",
      " [[0.         0.         0.         0.        ]\n",
      "  [0.         0.         0.         0.        ]\n",
      "  [0.         0.         0.         0.        ]\n",
      "  [0.         0.         0.         0.        ]]]\n"
     ]
    }
   ],
   "source": [
    "print(a)\n",
    "print(\"b\")\n",
    "print(b)\n",
    "print(\"pi\")\n",
    "print(pi)\n",
    "print(\"alpha\")\n",
    "print(alpha)\n",
    "print(\"beta\")\n",
    "print(beta)\n",
    "print(\"gammas\")\n",
    "print(gammas)\n",
    "print(\"de_gammas\")\n",
    "print(de_gammas)"
   ]
  },
  {
   "cell_type": "code",
   "execution_count": 10,
   "id": "b8eafa75",
   "metadata": {},
   "outputs": [],
   "source": [
    "## re-estimate \n",
    "def reestimate(alpha,beta,gammas,de_gammas,obv,N,M,T):\n",
    "#     print(\"reestimate\")\n",
    "    ##for pi\n",
    "    for i in range(0, N):\n",
    "        pi[i] = gammas[0,i]\n",
    "    ##for A\n",
    "    a = np.zeros((N,N))\n",
    "    for i in range(0, N):\n",
    "        for j in range(0,N):\n",
    "            numer = 0\n",
    "            denom = 0\n",
    "            for t in range(0, T-1):\n",
    "                numer += de_gammas[t,i,j]\n",
    "                denom += gammas[t,i]\n",
    "            a[i,j] = numer/denom\n",
    "    ##for B\n",
    "    b = np.zeros((N,M))\n",
    "    for i in range(0,N):\n",
    "        for j in range(0, M):\n",
    "            numer = 0\n",
    "            denom = 0\n",
    "            for t in range(0, T):\n",
    "                if obv[t] == j:\n",
    "                    numer += gammas[t,i]\n",
    "                denom += gammas[t,i]\n",
    "            b[i,j] = numer/denom\n",
    "    return a,b,pi\n",
    "a,b,pi = reestimate(alpha=alpha,beta=beta,gammas=gammas,de_gammas=de_gammas,obv=obv,N=N,M=M,T=T)\n"
   ]
  },
  {
   "cell_type": "code",
   "execution_count": 11,
   "id": "9382dde4",
   "metadata": {},
   "outputs": [
    {
     "name": "stdout",
     "output_type": "stream",
     "text": [
      "[[0.2601439  0.23560595 0.2334184  0.27083175]\n",
      " [0.24018868 0.27259025 0.23366518 0.2535559 ]\n",
      " [0.24594287 0.25260162 0.23727094 0.26418457]\n",
      " [0.23284671 0.25673137 0.27136363 0.23905829]]\n",
      "b\n",
      "[[0.06724411 0.01288549 0.03204648 0.03444527 0.10406845 0.01951948\n",
      "  0.01368274 0.03881842 0.05870301 0.0018585  0.00405721 0.03563546\n",
      "  0.01998278 0.05315084 0.06627941 0.01847765 0.00075046 0.05698562\n",
      "  0.05761463 0.07641261 0.0221948  0.00893848 0.01242261 0.00225454\n",
      "  0.01396075 0.00054617 0.16706402]\n",
      " [0.06805396 0.01159696 0.02814202 0.03440989 0.10228919 0.01794999\n",
      "  0.01527487 0.03641768 0.05860987 0.00179221 0.00445004 0.03836968\n",
      "  0.02009154 0.05576749 0.06057233 0.01992842 0.00074137 0.05144988\n",
      "  0.05825596 0.08271838 0.02272255 0.00799623 0.01129928 0.00208933\n",
      "  0.01355346 0.00054886 0.17490856]\n",
      " [0.06492194 0.01228051 0.02767062 0.03643569 0.10299608 0.01676255\n",
      "  0.0137503  0.03626055 0.06277972 0.00187304 0.00486933 0.03883206\n",
      "  0.02076229 0.06071839 0.06446808 0.01907963 0.00075581 0.05003908\n",
      "  0.05644885 0.07688023 0.02283594 0.00834422 0.01188382 0.00229133\n",
      "  0.01300588 0.00061844 0.17243561]\n",
      " [0.0729977  0.01074361 0.02844626 0.03615088 0.11134033 0.01886972\n",
      "  0.01413244 0.03763912 0.06082776 0.00191627 0.00477604 0.03621187\n",
      "  0.01873287 0.06373031 0.06750997 0.01834523 0.00086949 0.05098464\n",
      "  0.05241984 0.07815739 0.02061407 0.00802872 0.01131191 0.00209299\n",
      "  0.01277661 0.00052863 0.15984532]]\n",
      "pi\n",
      "[0.24665215 0.25176808 0.2505316  0.25104817]\n",
      "alpha\n",
      "[[0.24631209 0.25180799 0.25043301 0.25144692]\n",
      " [0.25459279 0.24844972 0.23738618 0.25957131]\n",
      " [0.24206269 0.24724966 0.23923291 0.27145474]\n",
      " ...\n",
      " [0.23789682 0.26763051 0.24648709 0.24798558]\n",
      " [0.2381141  0.26786899 0.24555582 0.24846108]\n",
      " [0.25044418 0.23869262 0.24312382 0.26773938]]\n",
      "beta\n",
      "[[26.47516795 26.43447614 26.44907551 26.39673956]\n",
      " [27.98350266 27.94376011 27.96745742 27.90158651]\n",
      " [26.2481893  26.32206582 26.28371724 26.34144942]\n",
      " ...\n",
      " [27.44270861 27.53158107 27.48679876 27.5254417 ]\n",
      " [27.5564882  27.46736845 27.51393041 27.45964147]\n",
      " [27.59857026 27.59857026 27.59857026 27.59857026]]\n",
      "gammas\n",
      "[[0.24665215 0.25176808 0.2505316  0.25104817]\n",
      " [0.25491113 0.24840708 0.23754672 0.25913507]\n",
      " [0.24158334 0.24745456 0.23908233 0.27187976]\n",
      " ...\n",
      " [0.23741953 0.26795853 0.24638778 0.24823416]\n",
      " [0.23861968 0.2675696  0.24569716 0.24811356]\n",
      " [0.25044418 0.23869262 0.24312382 0.26773938]]\n",
      "de_gammas\n",
      "[[[0.06674307 0.05664785 0.05597341 0.06728781]\n",
      "  [0.06300874 0.06701582 0.05730483 0.06443868]\n",
      "  [0.06416766 0.06174823 0.05785626 0.06675945]\n",
      "  [0.06099165 0.06299517 0.06641222 0.06064913]]\n",
      "\n",
      " [[0.06537197 0.0583679  0.05816816 0.0730031 ]\n",
      "  [0.05891079 0.06591384 0.05684645 0.066736  ]\n",
      "  [0.05763749 0.05834702 0.0551388  0.0664234 ]\n",
      "  [0.05966309 0.0648258  0.06892892 0.06571726]]\n",
      "\n",
      " [[0.06257996 0.05920043 0.05783385 0.0619691 ]\n",
      "  [0.05902745 0.069975   0.05915828 0.05929383]\n",
      "  [0.05848339 0.06272681 0.05810826 0.05976387]\n",
      "  [0.06282153 0.07231988 0.0753802  0.06135815]]\n",
      "\n",
      " ...\n",
      "\n",
      " [[0.06038363 0.05882994 0.05594832 0.06225764]\n",
      "  [0.06273026 0.07658709 0.06303179 0.0656094 ]\n",
      "  [0.05916011 0.06534904 0.05893255 0.06294608]\n",
      "  [0.05634568 0.06680353 0.0677845  0.05730044]]\n",
      "\n",
      " [[0.06343493 0.05252813 0.05540961 0.06724701]\n",
      "  [0.06589867 0.06838163 0.06242349 0.07086581]\n",
      "  [0.06185827 0.05807542 0.05809154 0.06767193]\n",
      "  [0.05925231 0.05970744 0.06719918 0.06195463]]\n",
      "\n",
      " [[0.         0.         0.         0.        ]\n",
      "  [0.         0.         0.         0.        ]\n",
      "  [0.         0.         0.         0.        ]\n",
      "  [0.         0.         0.         0.        ]]]\n"
     ]
    }
   ],
   "source": [
    "print(a)\n",
    "print(\"b\")\n",
    "print(b)\n",
    "print(\"pi\")\n",
    "print(pi)\n",
    "print(\"alpha\")\n",
    "print(alpha)\n",
    "print(\"beta\")\n",
    "print(beta)\n",
    "print(\"gammas\")\n",
    "print(gammas)\n",
    "print(\"de_gammas\")\n",
    "print(de_gammas)"
   ]
  },
  {
   "cell_type": "code",
   "execution_count": 12,
   "id": "f5f29eeb",
   "metadata": {},
   "outputs": [
    {
     "name": "stdout",
     "output_type": "stream",
     "text": [
      "1\n",
      "[[0.26014438 0.23556637 0.23340201 0.27088724]\n",
      " [0.24023119 0.27258551 0.23363896 0.25354435]\n",
      " [0.24593732 0.25261313 0.23726703 0.26418252]\n",
      " [0.2328098  0.25675706 0.27140822 0.23902492]]\n",
      "b\n",
      "[[0.06723361 0.01289216 0.0320673  0.03439967 0.10407356 0.01952056\n",
      "  0.01367482 0.03885469 0.05872328 0.00185829 0.00405875 0.03562199\n",
      "  0.01998991 0.05310309 0.06630233 0.01849517 0.00074874 0.05697602\n",
      "  0.05756352 0.07644372 0.02219536 0.00894585 0.01243612 0.00225185\n",
      "  0.01394423 0.00054656 0.16707884]\n",
      " [0.06805759 0.01160056 0.02814007 0.03442573 0.10225747 0.01794334\n",
      "  0.01527896 0.03643119 0.05859995 0.00179308 0.00444771 0.03837342\n",
      "  0.02008502 0.0557704  0.06055434 0.01993023 0.00074177 0.0514496\n",
      "  0.05828519 0.08272174 0.0227118  0.00799015 0.01129895 0.00209016\n",
      "  0.01355943 0.00054866 0.1749135 ]\n",
      " [0.06486561 0.01226636 0.0276767  0.03646943 0.10292166 0.01676409\n",
      "  0.0137679  0.03624659 0.06275395 0.00186982 0.00486905 0.03883465\n",
      "  0.02076461 0.06077986 0.06442747 0.01906483 0.00075569 0.0500742\n",
      "  0.05645243 0.07686878 0.02284118 0.00835448 0.0118745  0.0022963\n",
      "  0.01299735 0.00061905 0.17252347]\n",
      " [0.07305766 0.01074714 0.02842257 0.03614653 0.11143767 0.01887382\n",
      "  0.0141192  0.03760442 0.0608428  0.00191868 0.00477715 0.03621855\n",
      "  0.01873034 0.06371441 0.06754458 0.01834083 0.00087084 0.05096066\n",
      "  0.05243618 0.07813531 0.02061922 0.00801797 0.01130823 0.00209\n",
      "  0.01279455 0.00052788 0.15974279]]\n",
      "pi\n",
      "[0.2402872  0.26501626 0.245275   0.24942155]\n",
      "2\n",
      "[[0.26014569 0.23552496 0.23338386 0.2709455 ]\n",
      " [0.24027469 0.27258107 0.23361137 0.25353287]\n",
      " [0.24593185 0.25262492 0.23726259 0.26418064]\n",
      " [0.23277101 0.25678359 0.27145634 0.23898907]]\n",
      "b\n",
      "[[0.06722285 0.0128991  0.0320886  0.03435387 0.10407776 0.01952177\n",
      "  0.01366687 0.03889234 0.05874342 0.00185811 0.00406032 0.03560849\n",
      "  0.01999737 0.05305454 0.0663253  0.01851295 0.00074702 0.05696665\n",
      "  0.05751232 0.0764748  0.02219566 0.00895342 0.01244994 0.00224916\n",
      "  0.01392755 0.00054696 0.16709288]\n",
      " [0.06806083 0.01160412 0.02813813 0.03444157 0.10222516 0.01793655\n",
      "  0.01528309 0.0364444  0.05858977 0.00179392 0.00444538 0.03837713\n",
      "  0.02007843 0.05577303 0.06053564 0.01993198 0.00074216 0.05144908\n",
      "  0.05831434 0.0827265  0.02270107 0.00798404 0.01129858 0.002091\n",
      "  0.01356537 0.00054845 0.17492029]\n",
      " [0.06480825 0.01225216 0.0276829  0.03650352 0.1028453  0.01676568\n",
      "  0.01378552 0.03623229 0.06272739 0.00186657 0.00486877 0.03883779\n",
      "  0.02076714 0.06084232 0.06438584 0.01904997 0.00075558 0.05011009\n",
      "  0.05645632 0.07685681 0.02284655 0.00836493 0.01186506 0.00230136\n",
      "  0.0129888  0.00061968 0.17261341]\n",
      " [0.07311923 0.01075052 0.0283983  0.03614202 0.11153831 0.01887789\n",
      "  0.01410591 0.03756904 0.06085895 0.00192109 0.00477822 0.03622477\n",
      "  0.01872738 0.0636986  0.0675808  0.0183363  0.0008722  0.05093597\n",
      "  0.0524524  0.07811239 0.02062449 0.00800688 0.01130441 0.00208693\n",
      "  0.0128127  0.00052711 0.15963721]]\n",
      "pi\n",
      "[0.23395188 0.278702   0.23985594 0.24749018]\n",
      "3\n",
      "[[0.26014783 0.23548167 0.23336387 0.27100663]\n",
      " [0.24031922 0.2725769  0.23358238 0.25352149]\n",
      " [0.2459265  0.25263702 0.23725756 0.26417893]\n",
      " [0.23273026 0.25681098 0.27150813 0.23895063]]\n",
      "b\n",
      "[[0.0672118  0.01290632 0.03211039 0.03430785 0.10408104 0.01952311\n",
      "  0.01365888 0.0389314  0.05876343 0.00185797 0.00406194 0.03559497\n",
      "  0.02000515 0.05300516 0.06634835 0.01853098 0.00074531 0.05695751\n",
      "  0.05746099 0.07650587 0.02219568 0.00896119 0.01246407 0.00224645\n",
      "  0.01391068 0.00054738 0.16710614]\n",
      " [0.06806368 0.01160762 0.0281362  0.03445744 0.1021922  0.01792961\n",
      "  0.01528729 0.03645731 0.05857932 0.00179475 0.00444304 0.03838081\n",
      "  0.02007177 0.0557754  0.06051622 0.01993367 0.00074254 0.05144831\n",
      "  0.05834344 0.08273269 0.02269033 0.00797789 0.01129817 0.00209183\n",
      "  0.01357127 0.00054823 0.17492896]\n",
      " [0.06474983 0.01223789 0.02768922 0.03653798 0.10276693 0.01676732\n",
      "  0.01380317 0.03621764 0.06270004 0.00186331 0.0048685  0.03884148\n",
      "  0.02076987 0.06090583 0.06434316 0.01903505 0.00075547 0.0501468\n",
      "  0.05646053 0.0768443  0.02285206 0.00837557 0.0118555  0.00230651\n",
      "  0.01298022 0.00062031 0.17270548]\n",
      " [0.07318248 0.01075373 0.02837343 0.03613734 0.11164236 0.01888192\n",
      "  0.01409258 0.03753293 0.06087626 0.0019235  0.00477926 0.0362305\n",
      "  0.01872397 0.06368285 0.06761866 0.01833163 0.00087355 0.05091052\n",
      "  0.05246848 0.07808857 0.02062989 0.00799545 0.01130045 0.00208378\n",
      "  0.01283109 0.00052633 0.15952848]]\n",
      "pi\n",
      "[0.22764659 0.29281899 0.23428239 0.24525203]\n",
      "4\n",
      "[[0.26015081 0.23543646 0.23334197 0.27107076]\n",
      " [0.24036485 0.27257299 0.23355194 0.25351022]\n",
      " [0.24592128 0.25264942 0.23725189 0.26417741]\n",
      " [0.23268747 0.25683926 0.27156376 0.2389095 ]]\n",
      "b\n",
      "[[0.06720046 0.01291383 0.03213268 0.03426159 0.10408339 0.01952458\n",
      "  0.01365086 0.03897192 0.05878332 0.00185787 0.00406359 0.03558143\n",
      "  0.02001328 0.05295492 0.06637146 0.01854928 0.0007436  0.05694857\n",
      "  0.05740952 0.07653695 0.02219544 0.00896916 0.01247853 0.00224372\n",
      "  0.01389362 0.00054781 0.16711862]\n",
      " [0.06806609 0.01161108 0.02813429 0.03447333 0.10215855 0.01792254\n",
      "  0.01529154 0.03646992 0.05856859 0.00179557 0.0044407  0.03838446\n",
      "  0.02006505 0.05577749 0.06049605 0.01993532 0.00074291 0.05144731\n",
      "  0.05837249 0.08274036 0.02267959 0.00797171 0.01129772 0.00209266\n",
      "  0.01357714 0.00054801 0.17493953]\n",
      " [0.06469031 0.01222357 0.02769567 0.03657285 0.10268649 0.01676903\n",
      "  0.01382086 0.03620262 0.06267184 0.00186002 0.00486823 0.03884575\n",
      "  0.02077282 0.06097044 0.06429939 0.01902008 0.00075537 0.05018435\n",
      "  0.05646508 0.07683124 0.02285771 0.00838642 0.01184581 0.00231177\n",
      "  0.0129716  0.00062096 0.17279973]\n",
      " [0.07324747 0.01075679 0.02834794 0.03613248 0.11174997 0.0188859\n",
      "  0.01407919 0.03749609 0.06089476 0.00192593 0.00478026 0.03623573\n",
      "  0.01872011 0.06366714 0.06765823 0.01832682 0.00087491 0.05088431\n",
      "  0.05248443 0.0780638  0.02063541 0.00798366 0.01129634 0.00208055\n",
      "  0.01284973 0.00052551 0.15941656]]\n",
      "pi\n",
      "[0.22137203 0.30735884 0.22856297 0.24270616]\n",
      "5\n",
      "[[0.26015462 0.2353893  0.23331808 0.271138  ]\n",
      " [0.24041161 0.27256934 0.23352    0.25349905]\n",
      " [0.24591625 0.25266212 0.23724553 0.26417611]\n",
      " [0.23264257 0.25686847 0.2716234  0.23886556]]\n",
      "b\n",
      "[[0.06718883 0.01292164 0.0321555  0.03421507 0.1040848  0.01952617\n",
      "  0.0136428  0.03901394 0.0588031  0.0018578  0.00406528 0.03556786\n",
      "  0.02002174 0.05290376 0.06639463 0.01856785 0.0007419  0.05693985\n",
      "  0.05735787 0.07656807 0.02219492 0.00897735 0.01249332 0.00224098\n",
      "  0.01387637 0.00054826 0.16713031]\n",
      " [0.06806808 0.01161448 0.02813241 0.03448925 0.10212416 0.01791533\n",
      "  0.01529585 0.03648224 0.05855756 0.00179636 0.00443835 0.03838809\n",
      "  0.02005825 0.05577933 0.06047513 0.01993691 0.00074327 0.05144607\n",
      "  0.0584015  0.08274954 0.02266885 0.00796549 0.01129724 0.00209349\n",
      "  0.01358297 0.00054779 0.17495201]\n",
      " [0.06462963 0.01220918 0.02770225 0.03660813 0.10260388 0.0167708\n",
      "  0.01383858 0.03618722 0.06264277 0.0018567  0.00486797 0.03885061\n",
      "  0.02077599 0.06103621 0.0642545  0.01900503 0.00075527 0.0502228\n",
      "  0.05646998 0.07681761 0.02286351 0.00839748 0.01183599 0.00231714\n",
      "  0.01296294 0.00062163 0.17289622]\n",
      " [0.07331426 0.01075967 0.0283218  0.03612744 0.11186125 0.01888984\n",
      "  0.01406574 0.03745847 0.06091449 0.00192836 0.00478123 0.03624047\n",
      "  0.01871578 0.06365144 0.06769956 0.01832187 0.00087627 0.05085728\n",
      "  0.05250024 0.07803803 0.02064107 0.00797151 0.01129206 0.00207724\n",
      "  0.01286862 0.00052468 0.15930135]]\n",
      "pi\n",
      "[0.21512925 0.32231097 0.22270702 0.23985277]\n",
      "6\n",
      "[[0.26015925 0.23534011 0.23329214 0.27120849]\n",
      " [0.24045955 0.27256592 0.23348651 0.25348802]\n",
      " [0.24591141 0.25267514 0.23723842 0.26417504]\n",
      " [0.23259546 0.25689863 0.27168724 0.23881866]]\n",
      "b\n",
      "[[0.06717691 0.01292975 0.03217886 0.03416828 0.10408526 0.0195279\n",
      "  0.0136347  0.03905752 0.05882279 0.00185777 0.00406701 0.03555425\n",
      "  0.02003056 0.05285166 0.06641787 0.0185867  0.00074019 0.05693134\n",
      "  0.05730603 0.07659925 0.02219412 0.00898576 0.01250846 0.00223822\n",
      "  0.01385891 0.00054872 0.16714121]\n",
      " [0.0680696  0.01161784 0.02813055 0.03450522 0.10208899 0.01790799\n",
      "  0.01530023 0.03649427 0.05854622 0.00179713 0.004436   0.03839168\n",
      "  0.02005138 0.0557809  0.06045342 0.01993844 0.00074362 0.0514446\n",
      "  0.05843049 0.08276029 0.02265809 0.00795924 0.01129672 0.00209432\n",
      "  0.01358878 0.00054756 0.17496644]\n",
      " [0.06456776 0.01219471 0.02770898 0.03664385 0.10251902 0.01677263\n",
      "  0.01385635 0.0361714  0.06261278 0.00185336 0.00486771 0.03885607\n",
      "  0.02077939 0.0611032  0.06420844 0.01898991 0.00075518 0.05026216\n",
      "  0.05647525 0.0768034  0.02286944 0.00840875 0.01182603 0.00232262\n",
      "  0.01295424 0.0006223  0.17299502]\n",
      " [0.07338293 0.01076239 0.02829499 0.03612221 0.11197634 0.01889373\n",
      "  0.01405222 0.03742006 0.06093548 0.0019308  0.00478215 0.03624469\n",
      "  0.01871096 0.06363574 0.06774271 0.01831677 0.00087763 0.05082941\n",
      "  0.05251592 0.07801119 0.02064688 0.00795897 0.01128762 0.00207383\n",
      "  0.01288778 0.00052382 0.15918278]]\n",
      "pi\n",
      "[0.20891959 0.33766257 0.2167245  0.23669334]\n"
     ]
    },
    {
     "name": "stdout",
     "output_type": "stream",
     "text": [
      "7\n",
      "[[0.26016471 0.23528886 0.23326406 0.27128237]\n",
      " [0.24050874 0.27256273 0.23345141 0.25347712]\n",
      " [0.24590681 0.25268847 0.2372305  0.26417422]\n",
      " [0.23254606 0.25692978 0.27175546 0.23876869]]\n",
      "b\n",
      "[[0.06716467 0.01293817 0.03220277 0.03412119 0.10408475 0.01952974\n",
      "  0.01362655 0.03910269 0.0588424  0.00185777 0.00406878 0.03554061\n",
      "  0.02003975 0.05279857 0.06644117 0.01860585 0.00073849 0.05692303\n",
      "  0.05725397 0.07663052 0.02219303 0.0089944  0.01252396 0.00223544\n",
      "  0.01384124 0.0005492  0.16715131]\n",
      " [0.06807064 0.01162114 0.02812873 0.03452123 0.10205298 0.0179005\n",
      "  0.01530468 0.03650601 0.05853456 0.00179789 0.00443364 0.03839524\n",
      "  0.02004445 0.05578222 0.0604309  0.01993993 0.00074396 0.05144289\n",
      "  0.05845947 0.08277265 0.02264731 0.00795295 0.01129617 0.00209514\n",
      "  0.01359455 0.00054733 0.17498285]\n",
      " [0.06450465 0.01218016 0.02771585 0.03668003 0.10243184 0.01677454\n",
      "  0.01387417 0.03615515 0.06258185 0.00184999 0.00486746 0.03886216\n",
      "  0.02078303 0.06117149 0.06416117 0.01897472 0.00075509 0.0503025\n",
      "  0.05648091 0.07678861 0.02287553 0.00842026 0.01181593 0.00232822\n",
      "  0.0129455  0.00062299 0.1730962 ]\n",
      " [0.07345354 0.01076492 0.02826747 0.03611677 0.11209539 0.01889757\n",
      "  0.01403863 0.03738082 0.06095778 0.00193325 0.00478304 0.03624839\n",
      "  0.01870563 0.06362    0.06778775 0.01831152 0.000879   0.05080067\n",
      "  0.05253145 0.07798324 0.02065284 0.00794604 0.011283   0.00207034\n",
      "  0.01290722 0.00052294 0.15906078]]\n",
      "pi\n",
      "[0.20274476 0.35339847 0.21062609 0.23323067]\n",
      "8\n",
      "[[0.26017101 0.23523548 0.23323375 0.27135977]\n",
      " [0.24055922 0.27255975 0.23341464 0.25346639]\n",
      " [0.24590248 0.25270212 0.23722171 0.26417368]\n",
      " [0.23249426 0.25696196 0.27182828 0.2387155 ]]\n",
      "b\n",
      "[[0.06715211 0.01294692 0.03222725 0.03407379 0.10408326 0.0195317\n",
      "  0.01361836 0.03914951 0.05886193 0.00185782 0.00407059 0.03552693\n",
      "  0.0200493  0.05274445 0.06646453 0.0186253  0.00073679 0.05691491\n",
      "  0.05720166 0.07666191 0.02219164 0.00900326 0.01253983 0.00223264\n",
      "  0.01382333 0.0005497  0.16716059]\n",
      " [0.06807119 0.0116244  0.02812694 0.0345373  0.10201608 0.01789289\n",
      "  0.0153092  0.03651745 0.05852255 0.00179863 0.00443127 0.03839877\n",
      "  0.02003745 0.05578329 0.06040755 0.01994136 0.00074429 0.05144095\n",
      "  0.05848846 0.08278664 0.0226365  0.00794662 0.01129558 0.00209597\n",
      "  0.01360029 0.00054709 0.17500126]\n",
      " [0.06444025 0.01216554 0.02772288 0.03671669 0.10234224 0.01677653\n",
      "  0.01389204 0.03613845 0.06254993 0.00184659 0.00486722 0.03886888\n",
      "  0.02078691 0.06124113 0.06411264 0.01895945 0.00075501 0.05034384\n",
      "  0.05648696 0.07677323 0.02288176 0.00843201 0.01180568 0.00233394\n",
      "  0.0129367  0.0006237  0.17319981]\n",
      " [0.07352617 0.01076728 0.02823923 0.03611112 0.11221856 0.01890135\n",
      "  0.01402496 0.03734072 0.06098143 0.00193571 0.00478389 0.03625154\n",
      "  0.01869979 0.0636042  0.06783476 0.01830611 0.00088037 0.05077101\n",
      "  0.05254684 0.07795412 0.02065896 0.00793269 0.01127821 0.00206675\n",
      "  0.01292696 0.00052203 0.15893524]]\n",
      "pi\n",
      "[0.19660681 0.36950112 0.20442311 0.22946896]\n",
      "9\n",
      "[[0.26017814 0.23517991 0.2332011  0.27144085]\n",
      " [0.24061106 0.27255697 0.23337615 0.25345582]\n",
      " [0.24589846 0.2527161  0.23721199 0.26417345]\n",
      " [0.23243997 0.2569952  0.27190591 0.23865892]]\n",
      "b\n",
      "[[0.06713923 0.012956   0.03225232 0.03402605 0.10408076 0.01953378\n",
      "  0.01361011 0.03919805 0.05888139 0.0018579  0.00407245 0.03551321\n",
      "  0.02005924 0.05268924 0.06648794 0.01864505 0.00073509 0.05690697\n",
      "  0.05714907 0.07669344 0.02218995 0.00901236 0.0125561  0.00222982\n",
      "  0.0138052  0.00055021 0.16716906]\n",
      " [0.06807122 0.01162761 0.0281252  0.03455343 0.10197825 0.01788514\n",
      "  0.0153138  0.03652862 0.05851018 0.00179935 0.0044289  0.03840226\n",
      "  0.02003038 0.05578412 0.06038335 0.01994274 0.00074461 0.05143878\n",
      "  0.05851748 0.08280233 0.02262567 0.00794026 0.01129497 0.0020968\n",
      "  0.013606   0.00054685 0.17502171]\n",
      " [0.0643745  0.01215082 0.02773007 0.03675386 0.10225012 0.0167786\n",
      "  0.01390997 0.03612127 0.06251698 0.00184316 0.00486698 0.03887627\n",
      "  0.02079105 0.06131221 0.06406281 0.01894408 0.00075493 0.05038623\n",
      "  0.05649343 0.07675724 0.02288815 0.008444   0.01179529 0.00233978\n",
      "  0.01292785 0.00062443 0.17330593]\n",
      " [0.07360091 0.01076945 0.02821022 0.03610524 0.11234599 0.01890507\n",
      "  0.01401121 0.03729973 0.06100648 0.00193818 0.0047847  0.03625414\n",
      "  0.01869341 0.06358832 0.06788379 0.01830053 0.00088174 0.0507404\n",
      "  0.05256208 0.07792375 0.02066526 0.00791892 0.01127322 0.00206306\n",
      "  0.01294701 0.00052109 0.15880609]]\n",
      "pi\n",
      "[0.19050812 0.38595049 0.19812753 0.22541387]\n",
      "10\n",
      "[[0.26018611 0.23512208 0.23316604 0.27152578]\n",
      " [0.24066432 0.27255438 0.23333586 0.25344544]\n",
      " [0.24589478 0.25273042 0.23720124 0.26417355]\n",
      " [0.23238307 0.25702954 0.27198859 0.2385988 ]]\n",
      "b\n",
      "[[0.06712601 0.01296543 0.03227799 0.03397794 0.10407725 0.01953598\n",
      "  0.01360182 0.03924836 0.05890079 0.00185802 0.00407436 0.03549944\n",
      "  0.02006957 0.0526329  0.06651141 0.01866514 0.00073339 0.05689923\n",
      "  0.05709617 0.07672516 0.02218796 0.00902171 0.01257276 0.00222697\n",
      "  0.01378681 0.00055074 0.16717669]\n",
      " [0.06807071 0.01163077 0.02812351 0.03456965 0.10193941 0.01787726\n",
      "  0.01531849 0.03653949 0.05849744 0.00180005 0.00442652 0.03840572\n",
      "  0.02002324 0.0557847  0.06035826 0.01994408 0.00074493 0.05143638\n",
      "  0.05854653 0.08281975 0.02261479 0.00793387 0.01129432 0.00209762\n",
      "  0.01361168 0.0005466  0.17504425]\n",
      " [0.06430735 0.01213601 0.02773744 0.03679156 0.10215538 0.01678076\n",
      "  0.01392796 0.03610359 0.06248294 0.00183969 0.00486674 0.03888435\n",
      "  0.02079545 0.06138479 0.06401162 0.01892863 0.00075486 0.05042973\n",
      "  0.05650033 0.07674064 0.0228947  0.00845625 0.01178473 0.00234576\n",
      "  0.01291893 0.00062517 0.17341464]\n",
      " [0.07367782 0.01077143 0.02818043 0.03609912 0.11247787 0.01890873\n",
      "  0.01399737 0.03725782 0.06103298 0.00194066 0.00478546 0.03625617\n",
      "  0.01868648 0.06357231 0.06793494 0.01829479 0.00088311 0.0507088\n",
      "  0.05257716 0.07789207 0.02067174 0.0079047  0.01126803 0.00205927\n",
      "  0.01296739 0.00052012 0.15867321]]\n",
      "pi\n",
      "[0.1844514  0.40272408 0.19175192 0.2210726 ]\n",
      "11\n",
      "[[0.26019492 0.23506192 0.23312843 0.27161473]\n",
      " [0.24071906 0.27255196 0.23329371 0.25343528]\n",
      " [0.24589149 0.25274508 0.23718941 0.26417403]\n",
      " [0.23232344 0.25706503 0.27207657 0.23853496]]\n",
      "b\n",
      "[[0.06711244 0.01297522 0.03230429 0.03392946 0.1040727  0.0195383\n",
      "  0.01359347 0.0393005  0.05892015 0.00185819 0.00407631 0.03548563\n",
      "  0.02008031 0.05257538 0.06653492 0.01868555 0.00073169 0.05689165\n",
      "  0.05704295 0.07675709 0.02218564 0.00903131 0.01258984 0.00222409\n",
      "  0.01376817 0.00055128 0.16718347]\n",
      " [0.06806963 0.01163388 0.02812188 0.03458594 0.10189952 0.01786925\n",
      "  0.01532326 0.03655009 0.05848431 0.00180074 0.00442413 0.03840914\n",
      "  0.02001604 0.05578504 0.06033227 0.01994536 0.00074523 0.05143376\n",
      "  0.05857563 0.08283894 0.02260388 0.00792743 0.01129364 0.00209845\n",
      "  0.01361732 0.00054635 0.17506892]\n",
      " [0.06423874 0.01212109 0.02774498 0.03682982 0.10205791 0.01678302\n",
      "  0.01394602 0.03608538 0.06244779 0.0018362  0.00486651 0.03889312\n",
      "  0.02080012 0.06145895 0.06395901 0.01891308 0.0007548  0.05047438\n",
      "  0.05650768 0.07672343 0.0229014  0.00846877 0.01177401 0.00235187\n",
      "  0.01290995 0.00062593 0.17352601]\n",
      " [0.07375702 0.01077322 0.02814981 0.03609275 0.11261437 0.01891231\n",
      "  0.01398342 0.03721494 0.06106098 0.00194315 0.00478618 0.03625761\n",
      "  0.01867897 0.06355616 0.06798827 0.01828887 0.00088449 0.05067616\n",
      "  0.05259208 0.07785903 0.02067841 0.00789002 0.01126263 0.00205538\n",
      "  0.01298811 0.00051913 0.15853652]]\n",
      "pi\n",
      "[0.17843973 0.41979694 0.18530946 0.21645388]\n",
      "12\n",
      "[[0.26020458 0.23499936 0.23308818 0.27170788]\n",
      " [0.24077536 0.27254969 0.23324961 0.25342533]\n",
      " [0.24588862 0.25276008 0.23717639 0.2641749 ]\n",
      " [0.23226097 0.2571017  0.27217012 0.2384672 ]]\n",
      "b\n",
